ret=2.2063746245104525
mtx=[[1.09530534e+03 0.00000000e+00 9.54353075e+02]
 [0.00000000e+00 1.09011353e+03 5.41983054e+02]
 [0.00000000e+00 0.00000000e+00 1.00000000e+00]]
dist=[[-0.32290118  0.09774828  0.01101426  0.00701455 -0.01189179]]
rvecs=(array([[0.57991038],
       [0.08918325],
       [0.0062015 ]]), array([[0.307307  ],
       [0.48567311],
       [1.50143   ]]), array([[-0.54742857],
       [-0.53591972],
       [ 1.4445643 ]]), array([[ 0.23217312],
       [-0.75366389],
       [-0.12944517]]), array([[0.1770349 ],
       [0.58861594],
       [0.02407765]]), array([[ 0.22438864],
       [-0.03562333],
       [-0.18060058]]), array([[ 0.21162623],
       [-0.78244178],
       [-0.13999505]]), array([[ 0.25718585],
       [-0.30333104],
       [-1.55723142]]), array([[0.39943743],
       [0.55147605],
       [1.48449127]]), array([[ 0.78405391],
       [ 0.08649674],
       [-0.03139321]]), array([[0.43846323],
       [0.04858481],
       [0.04537676]]), array([[ 0.72835641],
       [-0.6473033 ],
       [-1.45675373]]), array([[-0.00834316],
       [ 0.14490038],
       [ 1.50185969]]), array([[0.1567702 ],
       [0.78942681],
       [0.05317288]]), array([[ 0.23267227],
       [-0.69223093],
       [-0.15754376]]), array([[ 0.22749712],
       [-0.87224199],
       [-0.16886927]]), array([[0.1654951 ],
       [0.88292641],
       [0.07803761]]), array([[-0.10875283],
       [ 0.02367881],
       [ 1.54376213]]), array([[0.11699531],
       [0.03781659],
       [1.54499431]]), array([[0.61262577],
       [0.07766421],
       [0.00706509]]), array([[-0.09830165],
       [ 0.00499256],
       [ 0.03168628]]), array([[-0.79548077],
       [ 0.03474085],
       [-0.01637696]]), array([[-0.84714112],
       [-0.90171058],
       [ 1.34300017]]), array([[0.20526945],
       [0.46082229],
       [1.56491741]]), array([[ 0.57206562],
       [-1.16506389],
       [ 1.69500772]]), array([[ 0.18595984],
       [-0.1828139 ],
       [-0.21561261]]), array([[ 0.26631068],
       [-1.26897648],
       [-0.22088402]]), array([[ 0.25484582],
       [-1.16698362],
       [-0.18839414]]), array([[ 0.19680261],
       [-0.53109074],
       [-0.20645442]]), array([[ 0.64047582],
       [-1.25456147],
       [ 1.67760019]]), array([[ 0.09628077],
       [-0.26712173],
       [-1.45785876]]), array([[-0.57160385],
       [-0.44705812],
       [ 1.4511643 ]]), array([[-0.84080327],
       [ 0.03002957],
       [-0.03968124]]), array([[-0.31920567],
       [-0.02547725],
       [ 0.05144547]]), array([[-0.63843477],
       [ 0.02076928],
       [-0.00786657]]), array([[ 0.05540347],
       [-0.02186241],
       [ 0.07913102]]), array([[-0.61726447],
       [-0.83723133],
       [ 1.50228595]]), array([[-0.48870053],
       [-0.64800774],
       [ 1.43079778]]), array([[ 0.23849887],
       [-0.94645723],
       [-0.17550366]]), array([[ 0.11351988],
       [-0.29446351],
       [ 0.04032597]]), array([[ 0.05503548],
       [-0.52377362],
       [ 0.01641475]]), array([[ 0.20781366],
       [-0.66470387],
       [-0.21184835]]), array([[ 0.2254059 ],
       [-0.99192552],
       [-0.16338367]]), array([[-0.53390295],
       [-0.56525473],
       [ 1.44888221]]), array([[ 0.6382918 ],
       [-0.50808813],
       [-1.36870215]]), array([[0.16532481],
       [0.01338832],
       [0.06468743]]), array([[-0.49362132],
       [-0.00845635],
       [ 0.02092994]]), array([[0.12551655],
       [0.94727481],
       [0.09414737]]), array([[ 0.22102673],
       [-0.86386864],
       [-0.13837046]]), array([[ 0.68419295],
       [ 0.64356786],
       [-1.41736934]]), array([[-0.10124376],
       [ 0.08321826],
       [-1.45066359]]), array([[0.29873347],
       [0.03219847],
       [1.46520444]]), array([[0.66395692],
       [0.02511195],
       [0.00137855]]), array([[-0.08771751],
       [-0.40016403],
       [ 1.38022312]]), array([[ 0.81210224],
       [-0.14031892],
       [ 0.38195003]]), array([[-0.06420592],
       [-0.42791362],
       [ 0.28463796]]), array([[-0.05726436],
       [-0.33913474],
       [ 1.38961062]]), array([[ 0.48918153],
       [-0.00868286],
       [ 0.03606085]]), array([[-0.07613185],
       [ 0.26176063],
       [-1.64304782]]), array([[ 0.23021316],
       [-0.24881527],
       [-1.51427937]]), array([[-0.0454246 ],
       [-0.107494  ],
       [-1.50467857]]), array([[ 0.70560341],
       [ 0.68719165],
       [-1.35713127]]), array([[ 0.22632617],
       [-0.67935064],
       [-0.136341  ]]), array([[0.11389811],
       [0.84579213],
       [0.05691454]]), array([[ 0.20959984],
       [-0.76660066],
       [-0.11139952]]), array([[ 0.16700969],
       [ 0.08421487],
       [-0.14944296]]), array([[-0.21901265],
       [ 0.2353325 ],
       [-1.43332416]]), array([[1.10256524],
       [1.03735789],
       [1.29740272]]), array([[ 0.84860675],
       [ 0.04655701],
       [-0.04183636]]), array([[ 0.36025458],
       [-0.2804341 ],
       [ 0.00047299]]), array([[ 0.26633392],
       [-0.27587676],
       [ 0.02090578]]), array([[ 0.62631279],
       [ 0.03759991],
       [-0.00081792]]), array([[-0.09370846],
       [ 0.3195346 ],
       [-1.6491155 ]]), array([[-0.50300243],
       [ 0.59493506],
       [-1.28870613]]), array([[ 0.54777801],
       [-0.5248626 ],
       [-1.50595683]]), array([[0.12874878],
       [0.65941342],
       [0.04746555]]), array([[ 0.2276559 ],
       [-0.7408524 ],
       [-0.10200492]]), array([[ 0.21747347],
       [-0.96840683],
       [-0.13451922]]), array([[ 0.20649122],
       [-0.64713499],
       [-0.18451077]]), array([[ 0.03699945],
       [-0.50192777],
       [ 0.04456164]]), array([[-0.12918208],
       [ 0.08237693],
       [-1.53659379]]), array([[ 0.21335854],
       [-0.24916658],
       [-1.56572851]]), array([[-0.47957205],
       [-0.04623341],
       [-0.00923893]]), array([[ 0.74366735],
       [ 0.54842765],
       [-1.29860296]]), array([[ 0.27196835],
       [-0.19875937],
       [-1.5677379 ]]), array([[ 0.1923778 ],
       [-0.03837209],
       [ 0.04671366]]), array([[-0.0860908 ],
       [-0.43067016],
       [-0.15235807]]), array([[ 0.27025657],
       [-0.4714395 ],
       [-0.47553881]]), array([[ 0.07424118],
       [-0.0731608 ],
       [ 0.05758329]]), array([[ 0.75277096],
       [ 0.63095471],
       [-1.28719997]]), array([[-0.62133388],
       [-0.01353473],
       [-0.0383864 ]]), array([[-0.15821193],
       [-0.04918019],
       [-1.40126157]]), array([[ 0.0117477 ],
       [-0.21173261],
       [-1.47521487]]), array([[ 0.09387499],
       [-0.280359  ],
       [ 0.06572807]]), array([[ 0.23031146],
       [-0.92552542],
       [-0.14736789]]), array([[ 0.20333612],
       [-0.5131358 ],
       [-0.17902169]]), array([[ 0.24977049],
       [-1.13963088],
       [-0.14965853]]), array([[0.64039009],
       [0.63382671],
       [1.54220436]]), array([[ 0.69831752],
       [-0.57681433],
       [-1.41558925]]), array([[-0.05108728],
       [ 0.23700635],
       [-1.64064737]]), array([[0.00944226],
       [1.17280227],
       [0.11711394]]), array([[ 0.56210159],
       [-0.07149651],
       [-1.43795498]]), array([[-0.29988639],
       [-0.0703253 ],
       [ 0.02147873]]), array([[-0.81646172],
       [ 0.00232117],
       [-0.06990685]]), array([[0.05487561],
       [1.25463095],
       [0.14795196]]), array([[0.12844972],
       [0.20217897],
       [1.52744574]]), array([[0.12564977],
       [0.931751  ],
       [0.22875143]]), array([[-0.20187642],
       [-0.78308708],
       [ 1.42851818]]), array([[-0.76333811],
       [ 0.00322184],
       [-0.04122017]]), array([[-0.0700278 ],
       [-0.0486169 ],
       [ 0.00765204]]), array([[ 0.44408821],
       [-0.23546835],
       [-1.45144314]]), array([[-0.08900578],
       [ 0.28334334],
       [-1.63680948]]), array([[ 0.41225151],
       [-0.4095125 ],
       [-1.44831702]]), array([[-0.27893443],
       [ 0.1311398 ],
       [-1.41152795]]), array([[ 0.25474186],
       [-1.2404778 ],
       [-0.18469874]]), array([[ 0.1368972 ],
       [-0.07772011],
       [-0.19292732]]), array([[ 0.10923805],
       [-0.00138816],
       [ 0.04519798]]), array([[-0.4425947],
       [-0.5143887],
       [ 1.4715377]]), array([[0.56757744],
       [0.70681721],
       [1.55376984]]), array([[-0.68904489],
       [ 0.92919428],
       [-1.30990717]]), array([[ 0.24623807],
       [-0.43906238],
       [-0.45339508]]), array([[ 0.61355725],
       [-0.30561128],
       [-1.34647459]]), array([[ 0.6456026 ],
       [-0.31601695],
       [-1.3282207 ]]), array([[-0.12753816],
       [-0.39733175],
       [-0.14318596]]), array([[-0.01883511],
       [ 0.05962984],
       [-1.62672275]]), array([[ 0.21918672],
       [ 0.43950138],
       [-1.43683053]]), array([[ 0.7605376 ],
       [-0.63074598],
       [-1.42186036]]), array([[ 0.10954313],
       [-0.15950572],
       [ 0.05674323]]), array([[0.05060795],
       [0.57407039],
       [0.06021996]]), array([[ 0.09137411],
       [ 0.15123177],
       [-1.64090403]]), array([[ 0.57787689],
       [ 0.56576274],
       [-1.372489  ]]), array([[-0.3813059 ],
       [-0.06544318],
       [ 0.00979123]]), array([[ 0.62458297],
       [ 0.083339  ],
       [-1.42033926]]), array([[0.0919906 ],
       [0.98579087],
       [0.22972142]]), array([[ 0.51583128],
       [-0.26668873],
       [-1.38235678]]), array([[-0.16215176],
       [-0.34509834],
       [ 1.6642791 ]]), array([[0.04909135],
       [1.1620677 ],
       [0.11527759]]), array([[ 0.70997524],
       [ 0.49366877],
       [-1.27801265]]), array([[-0.42630895],
       [-0.09131615],
       [-0.00357943]]), array([[ 0.48281804],
       [ 0.55706131],
       [-1.41996456]]), array([[ 0.0165453 ],
       [ 0.09707178],
       [-1.63150645]]), array([[0.0467283 ],
       [0.63660171],
       [0.06468771]]), array([[0.0090912 ],
       [1.07445009],
       [0.10099768]]), array([[-0.05253243],
       [ 0.25102779],
       [-1.5137704 ]]), array([[ 0.65022499],
       [ 0.66277537],
       [-1.34104314]]), array([[-0.08288635],
       [-0.38464392],
       [ 0.31036268]]), array([[-0.06271371],
       [-0.00699415],
       [ 1.42339058]]), array([[ 0.62218835],
       [-0.2621015 ],
       [-1.31567355]]), array([[ 1.06706994],
       [-1.18289243],
       [-1.21154256]]), array([[-0.01892908],
       [-0.14586926],
       [ 1.38230931]]), array([[ 0.79794156],
       [-0.09139629],
       [ 0.38919276]]), array([[ 0.63473647],
       [ 0.66304783],
       [-1.37583181]]), array([[-0.56018075],
       [ 0.91893954],
       [-1.36099367]]), array([[0.30627439],
       [0.10911196],
       [0.03417755]]), array([[0.01462954],
       [1.01073716],
       [0.08995673]]), array([[0.04041667],
       [0.697897  ],
       [0.07110037]]), array([[ 0.66555199],
       [ 0.64924716],
       [-1.34485042]]), array([[ 0.13189407],
       [ 0.35658861],
       [-1.49034584]]), array([[-0.43926342],
       [ 0.43752262],
       [-1.43005008]]), array([[ 0.24750646],
       [-0.23237761],
       [ 0.03893523]]), array([[ 1.06053412],
       [-1.18069115],
       [-1.19189066]]), array([[ 1.03815207],
       [-1.16919906],
       [-1.20822222]]), array([[ 0.34427483],
       [-0.23801557],
       [ 0.01628136]]), array([[-0.20229291],
       [ 0.14746585],
       [-1.49632828]]), array([[ 0.38142182],
       [ 0.50095408],
       [-1.48110843]]), array([[ 0.62764003],
       [ 0.62362617],
       [-1.35060151]]), array([[0.02806686],
       [0.86360757],
       [0.07657905]]), array([[-0.43913157],
       [-0.05253928],
       [ 0.02632647]]), array([[-0.53992169],
       [ 0.86064138],
       [-1.10658818]]), array([[ 0.47275107],
       [-1.01498734],
       [ 1.70359643]]), array([[0.09469548],
       [0.61966172],
       [0.05331909]]), array([[0.0999051 ],
       [0.55770529],
       [0.04779206]]), array([[ 0.34531514],
       [-0.7899666 ],
       [ 1.72867394]]), array([[-0.58611709],
       [ 0.92651491],
       [-1.03236117]]), array([[-0.39248998],
       [-0.02478617],
       [ 0.03936154]]), array([[-0.89788717],
       [-1.04603654],
       [ 1.33631924]]), array([[ 0.1294434 ],
       [-0.16730324],
       [ 0.03428045]]), array([[ 0.11609691],
       [-0.01937114],
       [ 0.02477198]]), array([[ 0.15275601],
       [-0.50960828],
       [ 1.70875856]]), array([[-1.07849713],
       [-1.17745352],
       [ 1.24459082]]), array([[ 0.21526456],
       [ 0.44753044],
       [-1.41697849]]), array([[ 0.06605666],
       [-0.11419195],
       [ 1.73839552]]), array([[0.28222449],
       [0.29915012],
       [1.50372848]]), array([[0.07076103],
       [0.84052206],
       [0.06938874]]), array([[0.08586127],
       [0.67901985],
       [0.06101085]]), array([[0.35382539],
       [0.34418279],
       [1.45125656]]), array([[-0.03950512],
       [ 0.38113927],
       [-1.43853827]]), array([[ 0.20015308],
       [ 0.41367098],
       [-1.44447677]]), array([[-0.31156695],
       [ 0.13467811],
       [ 1.58066989]]), array([[0.05563959],
       [0.98320622],
       [0.08494748]]), array([[0.34313253],
       [0.05920751],
       [0.02133225]]), array([[0.05109215],
       [1.05809661],
       [0.09870149]]), array([[-0.46054703],
       [ 0.32719716],
       [ 1.54811414]]), array([[ 0.28762791],
       [ 0.37287522],
       [-1.44630116]]))
tvecs=(array([[-9.80360722],
       [-5.15663752],
       [14.64078573]]), array([[-7.959013  ],
       [-8.59053709],
       [18.50069246]]), array([[ 8.3326208 ],
       [-8.74470842],
       [23.05108085]]), array([[-4.48368181],
       [-5.38347842],
       [13.85433721]]), array([[-3.66083256],
       [-4.88512167],
       [14.85936054]]), array([[-4.85857657],
       [-3.75335422],
       [12.21280166]]), array([[-4.38656262],
       [-6.06778493],
       [14.3468671 ]]), array([[ 4.58212472],
       [-1.60077677],
       [19.93826369]]), array([[-7.70339904],
       [-8.62374002],
       [18.68070707]]), array([[-9.66000803],
       [-4.26713621],
       [13.44916396]]), array([[-9.33836499],
       [-5.55821947],
       [12.90941336]]), array([[ 4.6181338 ],
       [-1.71092966],
       [20.32372251]]), array([[-9.46503706],
       [-9.31939837],
       [18.72008117]]), array([[-2.84330706],
       [-5.07466777],
       [15.73340758]]), array([[-4.83728419],
       [-5.05682266],
       [13.63378445]]), array([[-3.66525925],
       [-4.96123931],
       [12.16188469]]), array([[-2.33823026],
       [-5.00470974],
       [15.68790588]]), array([[-10.69976257],
       [-10.40977431],
       [ 19.3129208 ]]), array([[ 7.50737935],
       [-8.51232366],
       [19.87197178]]), array([[-9.54605923],
       [-4.90623773],
       [13.28609082]]), array([[-9.1731942 ],
       [-5.71694472],
       [14.09756367]]), array([[-8.07486644],
       [-6.59564946],
       [16.95176432]]), array([[-3.1955038 ],
       [-8.08331247],
       [19.87341871]]), array([[-6.8299514 ],
       [-8.76155572],
       [18.37779415]]), array([[-13.96750451],
       [ -9.18332672],
       [ 16.61375321]]), array([[-5.06938802],
       [-3.79884619],
       [12.36874416]]), array([[-0.15288705],
       [-4.42579936],
       [12.24325457]]), array([[-1.1512021 ],
       [-4.73953174],
       [12.2793637 ]]), array([[-4.59948128],
       [-4.94032552],
       [13.05094032]]), array([[-13.81299451],
       [ -9.10404842],
       [ 16.70892163]]), array([[-11.62966615],
       [ -2.21510932],
       [ 16.6542723 ]]), array([[-0.67465785],
       [-8.27580825],
       [18.57779701]]), array([[-8.0387246 ],
       [-6.57882234],
       [17.13762093]]), array([[-8.58069398],
       [-6.03549929],
       [15.3672271 ]]), array([[-8.43494178],
       [-6.3301449 ],
       [15.93975921]]), array([[-9.12497242],
       [-6.59614697],
       [12.93266245]]), array([[-4.81843543],
       [-7.10590116],
       [19.90858035]]), array([[ 7.02788718],
       [-8.63165534],
       [22.52632579]]), array([[-3.09438816],
       [-4.63173373],
       [11.93007818]]), array([[ 1.21510346],
       [-7.78669653],
       [31.63559622]]), array([[ 0.41958331],
       [-8.47126958],
       [33.04040249]]), array([[-4.13005668],
       [-4.93715792],
       [13.26306004]]), array([[-2.72680551],
       [-4.91262171],
       [12.04121801]]), array([[ 7.24650688],
       [-8.62978035],
       [21.01658396]]), array([[-10.32352203],
       [ -1.81516259],
       [ 16.1752431 ]]), array([[-9.3012754 ],
       [-6.1767255 ],
       [12.95323026]]), array([[-8.59162213],
       [-6.41757383],
       [15.9017665 ]]), array([[-4.55556422],
       [-4.71897481],
       [16.26706928]]), array([[-6.11153639],
       [-4.76284976],
       [12.7802213 ]]), array([[10.07067139],
       [-3.56395763],
       [30.00082565]]), array([[ 9.85211507],
       [-1.78424355],
       [23.43053642]]), array([[24.79346179],
       [-8.81015143],
       [21.16501513]]), array([[-6.91636556],
       [-4.93891088],
       [12.22581454]]), array([[21.53180821],
       [-9.47918537],
       [21.87582929]]), array([[-0.29459818],
       [-2.73523518],
       [15.0043453 ]]), array([[ 0.41147862],
       [-5.31871792],
       [14.64251735]]), array([[21.43288336],
       [-9.41409613],
       [21.52387118]]), array([[-6.75920367],
       [-5.60422726],
       [11.88436391]]), array([[20.78612063],
       [-1.58919723],
       [22.95140724]]), array([[ 9.53514327],
       [-2.0285744 ],
       [21.86621755]]), array([[10.03236623],
       [-1.70465169],
       [22.68736848]]), array([[ 8.86863298],
       [-3.99698818],
       [29.95509852]]), array([[-7.33695078],
       [-4.80325691],
       [14.28869895]]), array([[-5.13386477],
       [-4.72807627],
       [16.41533977]]), array([[-6.86785841],
       [-5.83050487],
       [15.03275341]]), array([[-7.3979166 ],
       [-3.6799715 ],
       [13.19686441]]), array([[ 9.90511701],
       [-2.2601048 ],
       [24.75989772]]), array([[22.59411264],
       [-9.18768273],
       [19.72330597]]), array([[-7.01315209],
       [-4.21927512],
       [12.48017324]]), array([[ 2.94485219],
       [-6.37401497],
       [18.51894499]]), array([[ 2.81883641],
       [-6.88508464],
       [17.94710199]]), array([[-7.19911635],
       [-5.23413182],
       [13.59724786]]), array([[19.71383433],
       [-2.10667816],
       [23.69216847]]), array([[10.47607954],
       [-3.09703263],
       [27.72251229]]), array([[10.62404824],
       [-2.21419864],
       [22.39578299]]), array([[-5.94827026],
       [-4.73995901],
       [15.60482419]]), array([[-6.97158366],
       [-5.16377802],
       [14.53458662]]), array([[-5.27858016],
       [-4.71142086],
       [12.66894052]]), array([[-6.64919603],
       [-4.72765737],
       [13.91789096]]), array([[-1.94611027],
       [-7.63515633],
       [33.51242787]]), array([[ 9.62790265],
       [-2.05732181],
       [24.12518887]]), array([[11.12877677],
       [-1.03441384],
       [22.04155058]]), array([[-6.13793553],
       [-6.573412  ],
       [14.96717605]]), array([[18.71072953],
       [-4.7387937 ],
       [27.41035931]]), array([[19.58689959],
       [-1.25691861],
       [20.90771541]]), array([[-6.80414643],
       [-6.2700671 ],
       [12.04236428]]), array([[ 0.57687622],
       [-6.47489356],
       [16.56823648]]), array([[ 0.24125026],
       [-4.29609557],
       [16.86444288]]), array([[-6.6406704 ],
       [-6.69450298],
       [12.02758541]]), array([[18.67676801],
       [-4.86833262],
       [27.59237507]]), array([[-5.98772746],
       [-6.48437232],
       [14.99636644]]), array([[ 9.88200145],
       [-2.52154946],
       [23.08821548]]), array([[ 9.68276491],
       [-2.47007949],
       [22.97099738]]), array([[-1.19147635],
       [-6.97982531],
       [32.16406545]]), array([[-5.63564664],
       [-4.43897473],
       [12.56990931]]), array([[-7.11715845],
       [-4.74924336],
       [13.74269073]]), array([[-3.68854756],
       [-4.5371813 ],
       [12.81375182]]), array([[14.92310687],
       [-8.97454522],
       [23.637645  ]]), array([[10.71317433],
       [-1.79945395],
       [22.98555837]]), array([[19.8811844 ],
       [-1.76660475],
       [23.26713628]]), array([[-2.70770534],
       [-5.26988405],
       [21.54536362]]), array([[17.90699319],
       [-1.85912272],
       [22.67476261]]), array([[-6.10896647],
       [-6.14949099],
       [14.42994843]]), array([[-5.64690803],
       [-6.77934793],
       [16.21984624]]), array([[-0.13675206],
       [-5.74814855],
       [20.64589667]]), array([[-14.55215087],
       [ -9.82356771],
       [ 15.49047805]]), array([[ 0.57293397],
       [-5.90262215],
       [22.37244719]]), array([[21.62694717],
       [-9.5350059 ],
       [23.08481639]]), array([[-5.64339038],
       [-6.81578335],
       [15.95934722]]), array([[-6.71501007],
       [-5.89017179],
       [13.10390812]]), array([[17.96099   ],
       [-1.66490572],
       [20.97955539]]), array([[19.75203721],
       [-2.02722942],
       [23.52545996]]), array([[10.05704103],
       [-2.01477093],
       [22.68277974]]), array([[10.14681832],
       [-2.80505675],
       [24.86510248]]), array([[-2.73878385],
       [-4.19534769],
       [12.67183548]]), array([[-7.70278529],
       [-3.69985769],
       [13.41774809]]), array([[-0.61455633],
       [-6.63518637],
       [29.23717012]]), array([[15.71572639],
       [-8.08394018],
       [24.39701878]]), array([[13.23091526],
       [-8.97826189],
       [22.81833569]]), array([[15.75414149],
       [-2.20889423],
       [26.1095805 ]]), array([[-2.31644313],
       [-3.90329745],
       [17.23463938]]), array([[-19.14740897],
       [ -2.37937904],
       [ 15.4686778 ]]), array([[-19.4153612 ],
       [ -2.42895132],
       [ 15.61592514]]), array([[-1.9340818 ],
       [-6.20679305],
       [17.12529836]]), array([[20.45505216],
       [-1.29401512],
       [22.25505356]]), array([[ 7.77068079],
       [-2.95482245],
       [26.91039716]]), array([[11.21447841],
       [-1.54953056],
       [22.46706625]]), array([[-0.87093436],
       [-6.8242741 ],
       [31.05204255]]), array([[-1.02811468],
       [-5.75222726],
       [24.83171276]]), array([[20.30457764],
       [-1.6080873 ],
       [23.30154988]]), array([[ 7.86296348],
       [-3.77936865],
       [28.41885351]]), array([[-6.1010164 ],
       [-6.45580412],
       [14.71893021]]), array([[17.95526357],
       [-2.19982246],
       [24.01389397]]), array([[-1.84485215],
       [-5.31944256],
       [22.71000659]]), array([[-19.07465375],
       [ -2.3351475 ],
       [ 15.61700571]]), array([[-13.53942379],
       [ -8.73237186],
       [ 16.55568668]]), array([[-0.35092835],
       [-5.74314401],
       [20.97100774]]), array([[18.6883272 ],
       [-4.8055416 ],
       [27.39088677]]), array([[-6.04782204],
       [-6.65341667],
       [14.58557857]]), array([[ 7.95556797],
       [-3.49258381],
       [28.13419028]]), array([[20.33513469],
       [-1.47262983],
       [22.61363133]]), array([[-1.13281997],
       [-5.68892671],
       [24.47304522]]), array([[-2.33699715],
       [-5.35971661],
       [21.96271321]]), array([[12.77564842],
       [-1.07394657],
       [25.4650599 ]]), array([[ 8.55909561],
       [-4.1100222 ],
       [29.73140795]]), array([[-2.12247417],
       [-4.99888147],
       [15.08003586]]), array([[21.24796569],
       [-9.57518399],
       [20.68329087]]), array([[-19.40824829],
       [ -2.47079694],
       [ 15.25688578]]), array([[-18.02153872],
       [ -2.17119078],
       [ 14.11916   ]]), array([[21.29252418],
       [-9.40165855],
       [20.81291236]]), array([[-2.93280872],
       [-2.41651519],
       [15.32615007]]), array([[ 8.90709051],
       [-3.84929661],
       [29.85575266]]), array([[14.12434821],
       [-1.59806905],
       [27.11061355]]), array([[-9.64632061],
       [-5.56909274],
       [15.61951939]]), array([[-2.13101729],
       [-5.39676755],
       [22.26670397]]), array([[-1.27321695],
       [-5.62734484],
       [24.09443791]]), array([[ 8.33503014],
       [-4.07443795],
       [29.3107841 ]]), array([[12.0608817 ],
       [-1.50768468],
       [26.81547018]]), array([[ 9.16349975],
       [-2.67509845],
       [26.35094312]]), array([[ 0.30262   ],
       [-6.40713079],
       [18.24608938]]), array([[-18.16644509],
       [ -2.21679915],
       [ 14.08219708]]), array([[-18.12115221],
       [ -2.20835492],
       [ 14.09025858]]), array([[ 0.40751961],
       [-5.86660531],
       [18.77372057]]), array([[ 9.03575195],
       [-2.49865745],
       [24.77915568]]), array([[11.32492396],
       [-2.33296935],
       [28.72168399]]), array([[ 8.02231516],
       [-3.98107784],
       [28.83855293]]), array([[-1.73114587],
       [-5.52206882],
       [23.02933174]]), array([[-8.51221149],
       [-6.50565975],
       [15.51488656]]), array([[ 1.05234131],
       [-0.88911006],
       [17.96499093]]), array([[-14.23284629],
       [ -9.22868934],
       [ 16.62382676]]), array([[ 1.27365716],
       [-6.31522171],
       [24.18148347]]), array([[ 1.38358671],
       [-6.39350422],
       [24.5581867 ]]), array([[-14.22193492],
       [ -9.44784243],
       [ 16.33337621]]), array([[ 1.30797739],
       [-1.09677551],
       [18.24944022]]), array([[-8.56547489],
       [-6.30638653],
       [15.64068529]]), array([[-4.64574784],
       [-7.28873683],
       [20.38952996]]), array([[ 1.55725704],
       [-7.59474312],
       [30.45588605]]), array([[ 1.78721054],
       [-7.34553389],
       [28.59937507]]), array([[-14.25778581],
       [ -9.82603832],
       [ 16.5465411 ]]), array([[-4.19048107],
       [-7.64300152],
       [20.52516262]]), array([[ 2.20736471e-03],
       [-2.28705624e-01],
       [ 1.77408648e+01]]), array([[-14.75637492],
       [ -8.91402576],
       [ 15.57831281]]), array([[10.55278406],
       [-8.9058112 ],
       [21.87078719]]), array([[ 0.65711329],
       [-6.08862816],
       [22.66977985]]), array([[ 1.13049727],
       [-6.23786662],
       [23.78517908]]), array([[ 9.57797537],
       [-8.66575634],
       [21.12305236]]), array([[ 0.40436618],
       [ 0.23660604],
       [16.77510681]]), array([[-0.06049785],
       [-0.31396146],
       [17.36009422]]), array([[-16.82427885],
       [ -8.87220149],
       [ 20.05675415]]), array([[ 0.24369447],
       [-5.93035549],
       [21.86880818]]), array([[-7.1413572 ],
       [-5.71909395],
       [14.68975862]]), array([[-8.78188006e-03],
       [-5.86650652e+00],
       [ 2.14782351e+01]]), array([[-17.14495659],
       [ -8.97920987],
       [ 21.41264173]]), array([[-0.54711092],
       [-0.03681158],
       [16.66875987]]))
